-4.67215 -8.07063
-6.56169 -7.13031
-5.94033 -7.09787
-6.47569 -7.6819
-7.40864 -7.69549
-6.89396 -8.54811
-5.08555 -6.72476
-5.13537 -8.38572
-5.59292 -7.04139
-5.62399 -8.811
-6.64349 -7.68353
-6.42634 -9.9467
-7.0504 -8.40296
-4.95483 -9.32353
-4.46654 -9.13888
-8.7821 10.3502
-7.89502 7.76488
-8.334 8.59684
-8.47567 8.01326
-8.11803 9.81281
-8.74283 8.56988
-7.37152 6.98727
-7.24001 7.85616
-6.90632 8.52209
-7.86361 6.87816
-7.54269 6.49742
-8.38692 7.54622
-8.26923 9.62765
-10.4273 7.98343
-6.39929 7.61442
-8.49307 7.86102
-9.80588 8.37838
-7.35485 5.89452
-8.84699 7.78655
-8.74931 9.02794
3.51376 -0.501566
4.47393 -0.988967
2.29637 -0.731235
4.14499 -1.06795
3.62683 -1.55822
4.29838 1.80077
4.33734 -0.0835588
4.81545 -0.525413
4.64983 0.865473
4.77081 -0.460162